#         KA                   KB                  KdiffA               KdiffB               Kdes                  eAA                  eBB                  eAB                 krxn                theta_A              theta_B                 t                  NadsA                NadsB                NdesA                NdesB                NdiffA               NdiffB               Nrxn  
      1.00000000e-02       1.00000000e+00       1.00000000e+01       1.00000000e+01       1.00000000e+00      -1.00000000e+00      -1.00000000e+00       1.00000000e+00       1.00000000e+00       6.21659268e-06       9.76678519e-01       2.54934006e+03       2.52000000e+02       2.39310000e+04       2.35000000e+02       2.39110000e+04       5.63000000e+02       5.10910000e+04       1.70000000e+01
      1.58489319e-02       1.00000000e+00       1.00000000e+01       1.00000000e+01       1.00000000e+00      -1.00000000e+00      -1.00000000e+00       1.00000000e+00       1.00000000e+00       8.68540253e-06       9.75927017e-01       2.47832227e+03       4.04000000e+02       2.37520000e+04       3.75000000e+02       2.37230000e+04       5.01000000e+02       5.12160000e+04       2.90000000e+01
      2.51188643e-02       1.00000000e+00       1.00000000e+01       1.00000000e+01       1.00000000e+00      -1.00000000e+00      -1.00000000e+00       1.00000000e+00       1.00000000e+00       1.30926787e-05       9.76596600e-01       2.51879513e+03       5.99000000e+02       2.36590000e+04       5.53000000e+02       2.36130000e+04       8.69000000e+02       5.06610000e+04       4.60000000e+01
      3.98107171e-02       1.00000000e+00       1.00000000e+01       1.00000000e+01       1.00000000e+00      -1.00000000e+00      -1.00000000e+00       1.00000000e+00       1.00000000e+00       2.11608542e-05       9.75733302e-01       2.42174548e+03       8.89000000e+02       2.31510000e+04       8.24000000e+02       2.30830000e+04       1.42200000e+03       5.05660000e+04       6.50000000e+01
      6.30957344e-02       1.00000000e+00       1.00000000e+01       1.00000000e+01       1.00000000e+00      -1.00000000e+00      -1.00000000e+00       1.00000000e+00       1.00000000e+00       3.50852330e-05       9.76343798e-01       2.40750299e+03       1.45500000e+03       2.29510000e+04       1.33900000e+03       2.28300000e+04       2.27300000e+03       4.90360000e+04       1.16000000e+02
      1.00000000e-01       1.00000000e+00       1.00000000e+01       1.00000000e+01       1.00000000e+00      -1.00000000e+00      -1.00000000e+00       1.00000000e+00       1.00000000e+00       5.74418914e-05       9.75546687e-01       2.27635546e+03       2.19800000e+03       2.20820000e+04       2.01400000e+03       2.19030000e+04       3.67900000e+03       4.79400000e+04       1.84000000e+02
      1.58489319e-01       1.00000000e+00       1.00000000e+01       1.00000000e+01       1.00000000e+00      -1.00000000e+00      -1.00000000e+00       1.00000000e+00       1.00000000e+00       8.99491800e-05       9.75729798e-01       2.19601154e+03       3.43500000e+03       2.11100000e+04       3.14000000e+03       2.08140000e+04       5.32900000e+03       4.58770000e+04       2.95000000e+02
      2.51188643e-01       1.00000000e+00       1.00000000e+01       1.00000000e+01       1.00000000e+00      -1.00000000e+00      -1.00000000e+00       1.00000000e+00       1.00000000e+00       1.46848463e-04       9.75274603e-01       2.00689841e+03       4.96700000e+03       1.97210000e+04       4.53300000e+03       1.92940000e+04       8.48000000e+03       4.25710000e+04       4.34000000e+02
      3.98107171e-01       1.00000000e+00       1.00000000e+01       1.00000000e+01       1.00000000e+00      -1.00000000e+00      -1.00000000e+00       1.00000000e+00       1.00000000e+00       2.52600932e-04       9.74701963e-01       1.75546233e+03       7.12200000e+03       1.74840000e+04       6.56000000e+03       1.69200000e+04       1.34660000e+04       3.78850000e+04       5.63000000e+02
      6.30957344e-01       1.00000000e+00       1.00000000e+01       1.00000000e+01       1.00000000e+00      -1.00000000e+00      -1.00000000e+00       1.00000000e+00       1.00000000e+00       4.09480855e-04       9.73975439e-01       1.47733611e+03       9.64700000e+03       1.50850000e+04       8.80800000e+03       1.42380000e+04       1.83530000e+04       3.30300000e+04       8.39000000e+02
      1.00000000e+00       1.00000000e+00       1.00000000e+01       1.00000000e+01       1.00000000e+00      -1.00000000e+00      -1.00000000e+00       1.00000000e+00       1.00000000e+00       7.63097752e-04       9.72097603e-01       1.10458690e+03       1.18980000e+04       1.19700000e+04       1.08340000e+04       1.09010000e+04       2.70100000e+04       2.63250000e+04       1.06200000e+03
      1.58489319e+00       1.00000000e+00       1.00000000e+01       1.00000000e+01       1.00000000e+00      -1.00000000e+00      -1.00000000e+00       1.00000000e+00       1.00000000e+00       9.84688087e-01       3.33223870e-04       1.98289689e+03       1.87930000e+04       1.19080000e+04       1.78070000e+04       1.09180000e+04       2.48980000e+04       1.46870000e+04       9.89000000e+02
      2.51188643e+00       1.00000000e+00       1.00000000e+01       1.00000000e+01       1.00000000e+00      -1.00000000e+00      -1.00000000e+00       1.00000000e+00       1.00000000e+00       9.90127022e-01       9.53640428e-04       2.81207556e+03       2.51840000e+04       1.00950000e+04       2.38870000e+04       9.25600000e+03       2.19690000e+04       8.56500000e+03       1.04400000e+03
      3.98107171e+00       1.00000000e+00       1.00000000e+01       1.00000000e+01       1.00000000e+00      -1.00000000e+00      -1.00000000e+00       1.00000000e+00       1.00000000e+00       9.94780941e-01       9.38863375e-05       3.97664897e+03       3.24400000e+04       8.05300000e+03       3.18390000e+04       7.44800000e+03       1.65000000e+04       3.11600000e+03       6.04000000e+02
      6.30957344e+00       1.00000000e+00       1.00000000e+01       1.00000000e+01       1.00000000e+00      -1.00000000e+00      -1.00000000e+00       1.00000000e+00       1.00000000e+00       9.96851234e-01       5.65081060e-05       4.80894200e+03       3.75260000e+04       5.98900000e+03       3.71120000e+04       5.57200000e+03       1.19250000e+04       1.45900000e+03       4.17000000e+02
      1.00000000e+01       1.00000000e+00       1.00000000e+01       1.00000000e+01       1.00000000e+00      -1.00000000e+00      -1.00000000e+00       1.00000000e+00       1.00000000e+00       9.98029700e-01       3.51298169e-05       5.38480335e+03       4.14410000e+04       4.29000000e+03       4.11680000e+04       4.01800000e+03       8.39700000e+03       4.14000000e+02       2.72000000e+02
      1.58489319e+01       1.00000000e+00       1.00000000e+01       1.00000000e+01       1.00000000e+00      -1.00000000e+00      -1.00000000e+00       1.00000000e+00       1.00000000e+00       9.98789809e-01       2.01159558e-05       5.88952580e+03       4.43970000e+04       2.85000000e+03       4.42000000e+04       2.65300000e+03       5.57200000e+03       1.31000000e+02       1.97000000e+02
      2.51188643e+01       1.00000000e+00       1.00000000e+01       1.00000000e+01       1.00000000e+00      -1.00000000e+00      -1.00000000e+00       1.00000000e+00       1.00000000e+00       9.99236572e-01       1.34000336e-05       6.14913639e+03       4.62410000e+04       1.91400000e+03       4.61060000e+04       1.77900000e+03       3.71900000e+03       1.06000000e+02       1.35000000e+02
      3.98107171e+01       1.00000000e+00       1.00000000e+01       1.00000000e+01       1.00000000e+00      -1.00000000e+00      -1.00000000e+00       1.00000000e+00       1.00000000e+00       9.99523764e-01       7.76996900e-06       6.43098040e+03       4.76830000e+04       1.16000000e+03       4.76130000e+04       1.09100000e+03       2.34900000e+03       3.50000000e+01       6.90000000e+01
      6.30957344e+01       1.00000000e+00       1.00000000e+01       1.00000000e+01       1.00000000e+00      -1.00000000e+00      -1.00000000e+00       1.00000000e+00       1.00000000e+00       9.99702793e-01       5.30755240e-06       6.54257007e+03       4.84620000e+04       7.77000000e+02       4.84010000e+04       7.17000000e+02       1.57000000e+03       1.30000000e+01       6.00000000e+01
      1.00000000e+02       1.00000000e+00       1.00000000e+01       1.00000000e+01       1.00000000e+00      -1.00000000e+00      -1.00000000e+00       1.00000000e+00       1.00000000e+00       9.99814255e-01       3.06782277e-06       6.72735782e+03       4.90400000e+04       4.77000000e+02       4.90050000e+04       4.43000000e+02       1.00000000e+03       1.00000000e+00       3.40000000e+01
