#         KA                   KB                  KdiffA               KdiffB               Kdes                  eAA                  eBB                  eAB                 krxn                theta_A              theta_B                 t                  NadsA                NadsB                NdesA                NdesB                NdiffA               NdiffB               Nrxn  
      1.00000000e-02       1.00000000e+00       1.00000000e+01       1.00000000e+01       1.00000000e+00       1.00000000e+00       1.00000000e+00      -1.00000000e+00       1.00000000e+00       3.09797035e-03       2.76857427e-01       1.26187815e+01       3.30000000e+01       3.61500000e+03       4.00000000e+00       3.58400000e+03       1.00000000e+02       9.26320000e+04       3.20000000e+01
      1.58489319e-02       1.00000000e+00       1.00000000e+01       1.00000000e+01       1.00000000e+00       1.00000000e+00       1.00000000e+00      -1.00000000e+00       1.00000000e+00       6.09964636e-03       2.75360712e-01       1.29077657e+01       6.90000000e+01       3.71000000e+03       7.00000000e+00       3.65500000e+03       2.08000000e+02       9.22900000e+04       6.10000000e+01
      2.51188643e-02       1.00000000e+00       1.00000000e+01       1.00000000e+01       1.00000000e+00       1.00000000e+00       1.00000000e+00      -1.00000000e+00       1.00000000e+00       7.67183602e-03       2.78054271e-01       1.27213170e+01       9.70000000e+01       3.73800000e+03       1.00000000e+01       3.64900000e+03       2.55000000e+02       9.21680000e+04       8.30000000e+01
      3.98107171e-02       1.00000000e+00       1.00000000e+01       1.00000000e+01       1.00000000e+00       1.00000000e+00       1.00000000e+00      -1.00000000e+00       1.00000000e+00       1.26514402e-02       2.73046801e-01       1.35015986e+01       1.40000000e+02       3.82800000e+03       1.30000000e+01       3.69300000e+03       4.88000000e+02       9.17120000e+04       1.26000000e+02
      6.30957344e-02       1.00000000e+00       1.00000000e+01       1.00000000e+01       1.00000000e+00       1.00000000e+00       1.00000000e+00      -1.00000000e+00       1.00000000e+00       1.88102565e-02       2.72364397e-01       1.39143753e+01       2.34000000e+02       3.92000000e+03       2.50000000e+01       3.69600000e+03       7.18000000e+02       9.11950000e+04       2.12000000e+02
      1.00000000e-01       1.00000000e+00       1.00000000e+01       1.00000000e+01       1.00000000e+00       1.00000000e+00       1.00000000e+00      -1.00000000e+00       1.00000000e+00       3.01079310e-02       2.80029662e-01       1.41631888e+01       3.88000000e+02       3.88400000e+03       3.20000000e+01       3.50600000e+03       1.23000000e+03       9.06000000e+04       3.60000000e+02
      1.58489319e-01       1.00000000e+00       1.00000000e+01       1.00000000e+01       1.00000000e+00       1.00000000e+00       1.00000000e+00      -1.00000000e+00       1.00000000e+00       4.39610563e-02       2.80817645e-01       1.51886355e+01       6.50000000e+02       4.18700000e+03       7.40000000e+01       3.61400000e+03       1.80500000e+03       8.91050000e+04       5.65000000e+02
      2.51188643e-01       1.00000000e+00       1.00000000e+01       1.00000000e+01       1.00000000e+00       1.00000000e+00       1.00000000e+00      -1.00000000e+00       1.00000000e+00       6.73407554e-02       2.76524251e-01       1.74308567e+01       1.10800000e+03       4.57000000e+03       1.34000000e+02       3.59500000e+03       3.65500000e+03       8.59710000e+04       9.67000000e+02
      3.98107171e-01       1.00000000e+00       1.00000000e+01       1.00000000e+01       1.00000000e+00       1.00000000e+00       1.00000000e+00      -1.00000000e+00       1.00000000e+00       1.04280410e-01       2.71429543e-01       2.05812655e+01       2.00300000e+03       5.08000000e+03       2.60000000e+02       3.34000000e+03       7.79400000e+03       7.97950000e+04       1.72800000e+03
      6.30957344e-01       1.00000000e+00       1.00000000e+01       1.00000000e+01       1.00000000e+00       1.00000000e+00       1.00000000e+00      -1.00000000e+00       1.00000000e+00       1.59206416e-01       2.64031668e-01       2.49892213e+01       3.60000000e+03       5.85300000e+03       6.95000000e+02       2.93900000e+03       1.69020000e+04       6.71040000e+04       2.90700000e+03
      1.00000000e+00       1.00000000e+00       1.00000000e+01       1.00000000e+01       1.00000000e+00       1.00000000e+00       1.00000000e+00      -1.00000000e+00       1.00000000e+00       2.36487149e-01       2.30843401e-01       2.88598647e+01       6.14000000e+03       6.08200000e+03       1.81800000e+03       1.73200000e+03       4.15100000e+04       3.83910000e+04       4.32700000e+03
      1.58489319e+00       1.00000000e+00       1.00000000e+01       1.00000000e+01       1.00000000e+00       1.00000000e+00       1.00000000e+00      -1.00000000e+00       1.00000000e+00       3.10908843e-01       1.98094897e-01       2.39651293e+01       7.48600000e+03       4.73200000e+03       3.50800000e+03       7.50000000e+02       6.42720000e+04       1.52710000e+04       3.98100000e+03
      2.51188643e+00       1.00000000e+00       1.00000000e+01       1.00000000e+01       1.00000000e+00       1.00000000e+00       1.00000000e+00      -1.00000000e+00       1.00000000e+00       3.79275006e-01       1.62578332e-01       1.65103276e+01       7.48200000e+03       3.04000000e+03       4.69400000e+03       2.41000000e+02       7.71160000e+04       4.63800000e+03       2.78900000e+03
      3.98107171e+00       1.00000000e+00       1.00000000e+01       1.00000000e+01       1.00000000e+00       1.00000000e+00       1.00000000e+00      -1.00000000e+00       1.00000000e+00       4.34401656e-01       1.37577589e-01       1.13124531e+01       7.66200000e+03       1.93700000e+03       5.86800000e+03       1.30000000e+02       8.10480000e+04       1.54200000e+03       1.81300000e+03
      6.30957344e+00       1.00000000e+00       1.00000000e+01       1.00000000e+01       1.00000000e+00       1.00000000e+00       1.00000000e+00      -1.00000000e+00       1.00000000e+00       4.85394336e-01       1.19451721e-01       8.06266387e+00       8.17800000e+03       1.27200000e+03       6.94300000e+03       4.10000000e+01       8.17240000e+04       6.18000000e+02       1.22400000e+03
      1.00000000e+01       1.00000000e+00       1.00000000e+01       1.00000000e+01       1.00000000e+00       1.00000000e+00       1.00000000e+00      -1.00000000e+00       1.00000000e+00       5.32183867e-01       1.10899972e-01       6.34752715e+00       9.09100000e+03       9.08000000e+02       8.20000000e+03       2.60000000e+01       8.06170000e+04       2.62000000e+02       8.96000000e+02
      1.58489319e+01       1.00000000e+00       1.00000000e+01       1.00000000e+01       1.00000000e+00       1.00000000e+00       1.00000000e+00      -1.00000000e+00       1.00000000e+00       5.75045857e-01       9.01809734e-02       4.71240745e+00       9.90500000e+03       6.16000000e+02       9.30900000e+03       3.00000000e+00       7.94340000e+04       1.20000000e+02       6.13000000e+02
      2.51188643e+01       1.00000000e+00       1.00000000e+01       1.00000000e+01       1.00000000e+00       1.00000000e+00       1.00000000e+00      -1.00000000e+00       1.00000000e+00       6.25545821e-01       7.79363403e-02       3.80416289e+00       1.13470000e+04       4.42000000e+02       1.09120000e+04       3.00000000e+00       7.68080000e+04       3.80000000e+01       4.50000000e+02
      3.98107171e+01       1.00000000e+00       1.00000000e+01       1.00000000e+01       1.00000000e+00       1.00000000e+00       1.00000000e+00      -1.00000000e+00       1.00000000e+00       6.77529338e-01       6.72352587e-02       3.13441075e+00       1.30880000e+04       3.05000000e+02       1.27780000e+04       1.00000000e+00       7.35020000e+04       2.20000000e+01       3.04000000e+02
      6.30957344e+01       1.00000000e+00       1.00000000e+01       1.00000000e+01       1.00000000e+00       1.00000000e+00       1.00000000e+00      -1.00000000e+00       1.00000000e+00       7.23637901e-01       5.81566818e-02       2.72677696e+00       1.50960000e+04       2.34000000e+02       1.48390000e+04       4.00000000e+00       6.95640000e+04       1.80000000e+01       2.45000000e+02
      1.00000000e+02       1.00000000e+00       1.00000000e+01       1.00000000e+01       1.00000000e+00       1.00000000e+00       1.00000000e+00      -1.00000000e+00       1.00000000e+00       7.69494966e-01       4.95814682e-02       2.44759797e+00       1.77390000e+04       2.02000000e+02       1.75610000e+04       1.00000000e+00       6.42940000e+04       5.00000000e+00       1.98000000e+02
